"MARCHE"
"MARCHE"
"MARCHE"
"MARCHE"
"MARCHE"
"MARCHE"
"MARCHE"
"MARCHE"
"MARCHE"
"MARCHE"
"MARCHE"
"MARCHE"
"MARCHE"
"MARCHE"
"MARCHE"
"MARCHE"
"MARCHE"
"MARCHE"
"MARCHE"
"MARCHE"
"MARCHE"
"MARCHE"
"MARCHE"
"MARCHE"
"MARCHE"
"MARCHE"
"MARCHE"
"MARCHE"
"MARCHE"
"MARCHE"
"MARCHE"
"MARCHE"
"MARCHE"
"MARCHE"
"MARCHE"
"MARCHE"
"MARCHE"
"MARCHE"
"MARCHE"
"MARCHE"
"MARCHE"
"MARCHE"
"MARCHE"
"MARCHE"
"MARCHE"
"MARCHE"
"MARCHE"
"MARCHE"
"MARCHE"
"MARCHE"
"MARCHE"
"MARCHE"
"MARCHE"
"MARCHE"
"MARCHE"
"MARCHE"
"MARCHE"
"MARCHE"
"MARCHE"
"MARCHE"
"MARCHE"
"MARCHE"
"MARCHE"
"MARCHE"
"MARCHE"
"MARCHE"
"MARCHE"
"MARCHE"
"MARCHE"
"MARCHE"
"MARCHE"
"MARCHE"
"MARCHE"
"MARCHE"
"MARCHE"
"MARCHE"
"MARCHE"
"MARCHE"
"MARCHE"
"MARCHE"
"MARCHE"
"MARCHE"
"MARCHE"
"MARCHE"
"MARCHE"
"MARCHE"
"MARCHE"
"MARCHE"
"MARCHE"
"MARCHE"
"MARCHE"
"MARCHE"
"MARCHE"
"MARCHE"
"MARCHE"
"MARCHE"
"MARCHE"
"MARCHE"
"MARCHE"
"MARCHE"
"MARCHE"
"MARCHE"
"MARCHE"
"MARCHE"
"MARCHE"
"MARCHE"
"MARCHE"
"MARCHE"
"MARCHE"
"MARCHE"
"MARCHE"
"MARCHE"
"MARCHE"
"MARCHE"
"MARCHE"
"MARCHE"
"MARCHE"
"MARCHE"
"MARCHE"
"MARCHE"
"MARCHE"
"MARCHE"
"MARCHE"
"MARCHE"
"MARCHE"
"MARCHE"
"MARCHE"
"MARCHE"
"MARCHE"
"MARCHE"
"MARCHE"
"MARCHE"
"MARCHE"
"MARCHE"
"MARCHE"
"MARCHE"
"MARCHE"
"MARCHE"
"MARCHE"
"MARCHE"
"MARCHE"
"MARCHE"
"MARCHE"
"MARCHE"
"MARCHE"
"MARCHE"
"MARCHE"
"MARCHE"
"MARCHE"
"MARCHE"
"MARCHE"
"MARCHE"
"MARCHE"
"MARCHE"
"MARCHE"
"MARCHE"
"MARCHE"
"MARCHE"
"MARCHE"
"MARCHE"
"MARCHE"
"MARCHE"
"MARCHE"
"MARCHE"
"MARCHE"
"MARCHE"
"MARCHE"
"MARCHE"
"MARCHE"
"MARCHE"
"MARCHE"
"MARCHE"
"MARCHE"
"MARCHE"
"MARCHE"
"MARCHE"
"MARCHE"
"MARCHE"
"MARCHE"
"MARCHE"
"MARCHE"
"MARCHE"
"MARCHE"
"MARCHE"
"MARCHE"
"MARCHE"
"MARCHE"
"MARCHE"
"MARCHE"
"MARCHE"
"MARCHE"
"MARCHE"
"MARCHE"
"MARCHE"
"MARCHE"
"MARCHE"
"MARCHE"
"MARCHE"
"MARCHE"
"MARCHE"
"MARCHE"
"MARCHE"
"MARCHE"
"MARCHE"
"MARCHE"
"MARCHE"
"MARCHE"
"MARCHE"
"MARCHE"
"MARCHE"
"MARCHE"
"MARCHE"
"MARCHE"
"MARCHE"
"MARCHE"
"MARCHE"
"MARCHE"
"MARCHE"
"MARCHE"
"MARCHE"
"MARCHE"
"MARCHE"
"MARCHE"
"MARCHE"
"MARCHE"
"MARCHE"
"MARCHE"
"MARCHE"
"MARCHE"
"MARCHE"
"MARCHE"
"MARCHE"
"MARCHE"
"MARCHE"
"MARCHE"
"MARCHE"
"MARCHE"
"MARCHE"
"MARCHE"
"MARCHE"
"MARCHE"
"MARCHE"
"MARCHE"
"MARCHE"
"MARCHE"
"MARCHE"
"MARCHE"
"MARCHE"
"MARCHE"
"MARCHE"
"MARCHE"
"MARCHE"
"MARCHE"
"MARCHE"
"MARCHE"
"MARCHE"
"MARCHE"
"MARCHE"
"MARCHE"
"MARCHE"
"MARCHE"
"MARCHE"
"MARCHE"
"MARCHE"
"MARCHE"
"MARCHE"
"MARCHE"
"MARCHE"
"MARCHE"
"MARCHE"
"MARCHE"
"MARCHE"
"MARCHE"
"MARCHE"
"MARCHE"
"MARCHE"
"MARCHE"
"MARCHE"
"MARCHE"
"MARCHE"
"MARCHE"
"MARCHE"
"MARCHE"
"MARCHE"
"MARCHE"
"MARCHE"
"MARCHE"
"MARCHE"
"MARCHE"
"MARCHE"
"MARCHE"
"MARCHE"
"MARCHE"
"MARCHE"
"MARCHE"
"MARCHE"
"MARCHE"
"MARCHE"
"MARCHE"
"MARCHE"
"MARCHE"
"MARCHE"
"MARCHE"
"MARCHE"
"MARCHE"
"MARCHE"
"MARCHE"
"MARCHE"
"MARCHE"
"MARCHE"
"MARCHE"
"MARCHE"
"MARCHE"
"MARCHE"
"MARCHE"
"MARCHE"
"MARCHE"
"MARCHE"
"MARCHE"
"MARCHE"
"MARCHE"
"MARCHE"
"MARCHE"
"MARCHE"
"MARCHE"
"MARCHE"
"MARCHE"
"MARCHE"
"MARCHE"
"MARCHE"
"MARCHE"
"MARCHE"
"MARCHE"
"MARCHE"
"MARCHE"
"MARCHE"
"MARCHE"
"MARCHE"
"MARCHE"
"MARCHE"
"MARCHE"
"MARCHE"
"MARCHE"
"MARCHE"
"MARCHE"
"MARCHE"
"MARCHE"
"MARCHE"
"MARCHE"
"MARCHE"
"MARCHE"
"MARCHE"
"MARCHE"
"MARCHE"
"MARCHE"
"MARCHE"
"MARCHE"
"MARCHE"
"MARCHE"
"MARCHE"
"MARCHE"
"MARCHE"
"MARCHE"
"MARCHE"
"MARCHE"
"MARCHE"
"MARCHE"
"MARCHE"
"MARCHE"
"MARCHE"
"MARCHE"
"MARCHE"
"MARCHE"
"MARCHE"
"MARCHE"
"MARCHE"
"MARCHE"
"MARCHE"
"MARCHE"
"MARCHE"
"MARCHE"
"MARCHE"
"MARCHE"
"MARCHE"
"MARCHE"
"MARCHE"
"MARCHE"
"MARCHE"
"MARCHE"
"MARCHE"
"MARCHE"
"MARCHE"
"MARCHE"
"MARCHE"
"MARCHE"
"MARCHE"
"MARCHE"
"MARCHE"
"MARCHE"
"MARCHE"
"MARCHE"
"MARCHE"
"MARCHE"
"MARCHE"
"MARCHE"
"MARCHE"
"MARCHE"
"MARCHE"
"MARCHE"
"MARCHE"
"MARCHE"
"MARCHE"
"MARCHE"
"MARCHE"
"MARCHE"
"MARCHE"
"MARCHE"
"MARCHE"
"MARCHE"
"MARCHE"
"MARCHE"
"MARCHE"
"MARCHE"
"MARCHE"
"MARCHE"
"MARCHE"
"MARCHE"
"MARCHE"
"MARCHE"
"MARCHE"
"MARCHE"
"MARCHE"
"MARCHE"
"MARCHE"
"MARCHE"
"MARCHE"
"MARCHE"
"MARCHE"
"MARCHE"
"MARCHE"
"MARCHE"
"MARCHE"
"MARCHE"
"MARCHE"
"MARCHE"
"MARCHE"
"MARCHE"
"MARCHE"
"MARCHE"
"MARCHE"
"MARCHE"
"MARCHE"
"MARCHE"
"MARCHE"
"MARCHE"
"MARCHE"
"MARCHE"
"MARCHE"
"MARCHE"
"MARCHE"
"MARCHE"
"MARCHE"
"MARCHE"
"MARCHE"
"MARCHE"
"MARCHE"
"MARCHE"
"MARCHE"
"MARCHE"
"MARCHE"
"MARCHE"
"MARCHE"
"MARCHE"
"MARCHE"
"MARCHE"
"MARCHE"
"MARCHE"
"MARCHE"
"MARCHE"
"MARCHE"
"MARCHE"
"MARCHE"
"MARCHE"
"MARCHE"
"MARCHE"
"MARCHE"
"MARCHE"
"MARCHE"
"MARCHE"
"MARCHE"
"MARCHE"
"MARCHE"
"MARCHE"
"MARCHE"
"MARCHE"
"MARCHE"
"MARCHE"
"MARCHE"
"MARCHE"
"MARCHE"
"MARCHE"
"MARCHE"
"MARCHE"
"MARCHE"
"MARCHE"
"MARCHE"
"MARCHE"
"MARCHE"
"MARCHE"
"MARCHE"
"MARCHE"
"MARCHE"
"MARCHE"
"MARCHE"
"MARCHE"
"MARCHE"
"MARCHE"
"MARCHE"
"MARCHE"
"MARCHE"
"MARCHE"
"MARCHE"
"MARCHE"
"MARCHE"
"MARCHE"
"MARCHE"
"MARCHE"
"MARCHE"
"MARCHE"
"MARCHE"
"MARCHE"
"MARCHE"
"MARCHE"
"MARCHE"
"MARCHE"
"MARCHE"
"MARCHE"
"MARCHE"
"MARCHE"
"MARCHE"
"MARCHE"
"MARCHE"
"MARCHE"
"MARCHE"
"MARCHE"
"MARCHE"
"MARCHE"
"MARCHE"
"MARCHE"
"MARCHE"
"MARCHE"
"MARCHE"
"MARCHE"
"MARCHE"
"MARCHE"
"MARCHE"
"MARCHE"
"MARCHE"
"MARCHE"
"MARCHE"
"MARCHE"
"MARCHE"
"MARCHE"
"MARCHE"
"MARCHE"
"MARCHE"
"MARCHE"
"MARCHE"
"MARCHE"
"MARCHE"
"MARCHE"
"MARCHE"
"MARCHE"
"MARCHE"
"MARCHE"
"MARCHE"
"MARCHE"
"MARCHE"
"MARCHE"
"MARCHE"
"MARCHE"
"MARCHE"
"MARCHE"
"MARCHE"
"MARCHE"
"MARCHE"
"MARCHE"
"MARCHE"
"MARCHE"
"MARCHE"
"MARCHE"
"MARCHE"
"MARCHE"
"MARCHE"
"MARCHE"
"MARCHE"
"MARCHE"
"MARCHE"
"MARCHE"
"MARCHE"
"MARCHE"
"MARCHE"
"MARCHE"
"MARCHE"
"MARCHE"
"MARCHE"
"MARCHE"
"MARCHE"
"MARCHE"
"MARCHE"
"MARCHE"
"MARCHE"
"MARCHE"
"MARCHE"
"MARCHE"
"MARCHE"
"MARCHE"
"MARCHE"
"MARCHE"
"MARCHE"
"MARCHE"
"MARCHE"
"MARCHE"
"MARCHE"
"MARCHE"
"MARCHE"
"MARCHE"
"MARCHE"
"MARCHE"
"MARCHE"
"MARCHE"
"MARCHE"
"MARCHE"
"MARCHE"
"MARCHE"
"MARCHE"
"MARCHE"
"MARCHE"
"MARCHE"
"MARCHE"
"MARCHE"
"MARCHE"
"MARCHE"
"MARCHE"
"MARCHE"
"MARCHE"
"MARCHE"
"MARCHE"
"MARCHE"
"MARCHE"
"MARCHE"
"MARCHE"
"MARCHE"
"MARCHE"
"MARCHE"
"MARCHE"
"MARCHE"
"MARCHE"
"MARCHE"
"MARCHE"
"MARCHE"
"MARCHE"
"MARCHE"
"MARCHE"
"MARCHE"
"MARCHE"
"MARCHE"
"MARCHE"
"MARCHE"
"MARCHE"
"MARCHE"
"MARCHE"
"MARCHE"
"MARCHE"
"MARCHE"
"MARCHE"
"MARCHE"
"MARCHE"
"MARCHE"
"MARCHE"
"MARCHE"
"MARCHE"
"MARCHE"
"MARCHE"
"MARCHE"
"MARCHE"
"MARCHE"
"MARCHE"
"MARCHE"
"MARCHE"
"MARCHE"
"MARCHE"
"MARCHE"
"MARCHE"
"MARCHE"
"MARCHE"
"MARCHE"
"MARCHE"
"MARCHE"
"MARCHE"
"MARCHE"
"MARCHE"
"MARCHE"
"MARCHE"
"MARCHE"
"MARCHE"
"MARCHE"
"MARCHE"
"MARCHE"
"MARCHE"
"SOMMEIL"
"SOMMEIL"
"SOMMEIL"
"SOMMEIL"
"SOMMEIL"
"SOMMEIL"
"SOMMEIL"
"SOMMEIL"
"SOMMEIL"
"SOMMEIL"
"SOMMEIL"
"SOMMEIL"
"SOMMEIL"
"SOMMEIL"
"SOMMEIL"
"SOMMEIL"
"SOMMEIL"
"SOMMEIL"
"SOMMEIL"
"SOMMEIL"
"SOMMEIL"
"SOMMEIL"
"SOMMEIL"
"SOMMEIL"
"SOMMEIL"
"SOMMEIL"
"SOMMEIL"
"SOMMEIL"
"SOMMEIL"
"SOMMEIL"
"SOMMEIL"
"SOMMEIL"
"SOMMEIL"
"SOMMEIL"
"SOMMEIL"
"SOMMEIL"
"SOMMEIL"
"SOMMEIL"
"SOMMEIL"
"SOMMEIL"
"SOMMEIL"
"SOMMEIL"
"SOMMEIL"
"SOMMEIL"
"SOMMEIL"
"SOMMEIL"
"SOMMEIL"
"SOMMEIL"
"SOMMEIL"
"SOMMEIL"
"SOMMEIL"
"SOMMEIL"
"SOMMEIL"
"SOMMEIL"
"SOMMEIL"
"SOMMEIL"
"SOMMEIL"
"SOMMEIL"
"SOMMEIL"
"SOMMEIL"
"SOMMEIL"
"SOMMEIL"
"SOMMEIL"
"SOMMEIL"
"SOMMEIL"
"SOMMEIL"
"SOMMEIL"
"SOMMEIL"
"SOMMEIL"
"SOMMEIL"
"SOMMEIL"
"SOMMEIL"
"SOMMEIL"
"SOMMEIL"
"SOMMEIL"
"SOMMEIL"
"SOMMEIL"
"SOMMEIL"
"SOMMEIL"
"SOMMEIL"
"SOMMEIL"
"SOMMEIL"
"SOMMEIL"
"SOMMEIL"
"SOMMEIL"
"SOMMEIL"
"SOMMEIL"
"SOMMEIL"
"SOMMEIL"
"SOMMEIL"
"SOMMEIL"
"SOMMEIL"
"SOMMEIL"
"SOMMEIL"
"SOMMEIL"
"SOMMEIL"
"SOMMEIL"
"SOMMEIL"
"SOMMEIL"
"SOMMEIL"
"SOMMEIL"
"SOMMEIL"
"SOMMEIL"
"SOMMEIL"
"SOMMEIL"
"SOMMEIL"
"SOMMEIL"
"SOMMEIL"
"SOMMEIL"
"SOMMEIL"
"SOMMEIL"
"SOMMEIL"
"SOMMEIL"
"SOMMEIL"
"SOMMEIL"
"SOMMEIL"
"SOMMEIL"
"SOMMEIL"
"SOMMEIL"
"SOMMEIL"
"SOMMEIL"
"SOMMEIL"
"SOMMEIL"
"SOMMEIL"
"SOMMEIL"
"SOMMEIL"
"SOMMEIL"
"SOMMEIL"
"SOMMEIL"
"SOMMEIL"
"SOMMEIL"
"SOMMEIL"
"SOMMEIL"
"SOMMEIL"
"SOMMEIL"
"SOMMEIL"
"SOMMEIL"
"SOMMEIL"
"SOMMEIL"
"SOMMEIL"
"SOMMEIL"
"SOMMEIL"
"SOMMEIL"
"SOMMEIL"
"SOMMEIL"
"SOMMEIL"
"SOMMEIL"
"SOMMEIL"
"SOMMEIL"
"SOMMEIL"
"SOMMEIL"
"SOMMEIL"
"SOMMEIL"
"SOMMEIL"
"SOMMEIL"
"SOMMEIL"
"SOMMEIL"
"SOMMEIL"
"SOMMEIL"
"SOMMEIL"
"SOMMEIL"
"SOMMEIL"
"SOMMEIL"
"SOMMEIL"
"SOMMEIL"
"SOMMEIL"
"SOMMEIL"
"SOMMEIL"
"SOMMEIL"
"SOMMEIL"
"SOMMEIL"
"SOMMEIL"
"SOMMEIL"
"SOMMEIL"
"SOMMEIL"
"SOMMEIL"
"SOMMEIL"
"SOMMEIL"
"SOMMEIL"
"SOMMEIL"
"SOMMEIL"
"SOMMEIL"
"SOMMEIL"
"SOMMEIL"
"SOMMEIL"
"SOMMEIL"
"SOMMEIL"
"SOMMEIL"
"SOMMEIL"
"SOMMEIL"
"SOMMEIL"
"SOMMEIL"
"SOMMEIL"
"SOMMEIL"
"SOMMEIL"
"SOMMEIL"
"SOMMEIL"
"SOMMEIL"
"SOMMEIL"
"SOMMEIL"
"SOMMEIL"
"SOMMEIL"
"SOMMEIL"
"SOMMEIL"
"SOMMEIL"
"SOMMEIL"
"SOMMEIL"
"SOMMEIL"
"SOMMEIL"
"SOMMEIL"
"SOMMEIL"
"SOMMEIL"
"SOMMEIL"
"SOMMEIL"
"SOMMEIL"
"SOMMEIL"
"SOMMEIL"
"SOMMEIL"
"SOMMEIL"
"SOMMEIL"
"SOMMEIL"
"SOMMEIL"
"SOMMEIL"
"SOMMEIL"
"SOMMEIL"
"SOMMEIL"
"SOMMEIL"
"SOMMEIL"
"SOMMEIL"
"SOMMEIL"
"SOMMEIL"
"SOMMEIL"
"SOMMEIL"
"SOMMEIL"
"SOMMEIL"
"SOMMEIL"
"SOMMEIL"
"SOMMEIL"
"SOMMEIL"
"SOMMEIL"
"SOMMEIL"
"SOMMEIL"
"SOMMEIL"
"SOMMEIL"
"SOMMEIL"
"SOMMEIL"
"SOMMEIL"
"SOMMEIL"
"SOMMEIL"
"SOMMEIL"
"SOMMEIL"
"SOMMEIL"
"SOMMEIL"
"SOMMEIL"
"SOMMEIL"
"SOMMEIL"
"SOMMEIL"
"SOMMEIL"
"SOMMEIL"
"SOMMEIL"
"SOMMEIL"
"SOMMEIL"
"SOMMEIL"
"SOMMEIL"
"SOMMEIL"
"SOMMEIL"
"SOMMEIL"
"SOMMEIL"
"SOMMEIL"
"SOMMEIL"
"SOMMEIL"
"SOMMEIL"
"SOMMEIL"
"SOMMEIL"
"SOMMEIL"
"SOMMEIL"
"SOMMEIL"
"SOMMEIL"
"SOMMEIL"
"SOMMEIL"
"SOMMEIL"
"SOMMEIL"
"SOMMEIL"
"SOMMEIL"
"SOMMEIL"
"SOMMEIL"
"SOMMEIL"
"SOMMEIL"
"SOMMEIL"
"SOMMEIL"
"SOMMEIL"
"SOMMEIL"
"SOMMEIL"
"SOMMEIL"
"SOMMEIL"
"SOMMEIL"
"SOMMEIL"
"SOMMEIL"
"SOMMEIL"
"SOMMEIL"
"SOMMEIL"
"SOMMEIL"
"SOMMEIL"
"SOMMEIL"
"SOMMEIL"
"SOMMEIL"
"SOMMEIL"
"SOMMEIL"
"SOMMEIL"
"SOMMEIL"
"SOMMEIL"
"SOMMEIL"
"SOMMEIL"
"SOMMEIL"
"SOMMEIL"
"SOMMEIL"
"SOMMEIL"
"SOMMEIL"
"SOMMEIL"
"SOMMEIL"
"SOMMEIL"
"SOMMEIL"
"SOMMEIL"
"SOMMEIL"
"SOMMEIL"
"SOMMEIL"
"SOMMEIL"
"SOMMEIL"
"SOMMEIL"
"SOMMEIL"
"SOMMEIL"
"SOMMEIL"
"SOMMEIL"
"SOMMEIL"
"SOMMEIL"
"SOMMEIL"
"SOMMEIL"
"SOMMEIL"
"SOMMEIL"
"SOMMEIL"
"SOMMEIL"
"SOMMEIL"
"SOMMEIL"
"SOMMEIL"
"SOMMEIL"
"SOMMEIL"
"SOMMEIL"
"SOMMEIL"
"SOMMEIL"
"SOMMEIL"
"SOMMEIL"
"SOMMEIL"
"SOMMEIL"
"SOMMEIL"
"SOMMEIL"
"SOMMEIL"
"SOMMEIL"
"SOMMEIL"
"SOMMEIL"
"SOMMEIL"
"SOMMEIL"
"SOMMEIL"
"SOMMEIL"
"SOMMEIL"
"SOMMEIL"
"SOMMEIL"
"SOMMEIL"
"SOMMEIL"
"SOMMEIL"
"SOMMEIL"
"SOMMEIL"
"SOMMEIL"
"SOMMEIL"
"SOMMEIL"
"SOMMEIL"
"SOMMEIL"
"SOMMEIL"
"SOMMEIL"
"SOMMEIL"
"SOMMEIL"
"SOMMEIL"
"SOMMEIL"
"SOMMEIL"
"SOMMEIL"
"SOMMEIL"
"SOMMEIL"
"SOMMEIL"
"SOMMEIL"
"SOMMEIL"
"SOMMEIL"
"SOMMEIL"
"SOMMEIL"
"SOMMEIL"
"SOMMEIL"
"SOMMEIL"
"SOMMEIL"
"SOMMEIL"
"SOMMEIL"
"SOMMEIL"
"SOMMEIL"
"SOMMEIL"
"SOMMEIL"
"SOMMEIL"
"SOMMEIL"
"SOMMEIL"
"SOMMEIL"
"SOMMEIL"
"SOMMEIL"
"SOMMEIL"
"SOMMEIL"
"SOMMEIL"
"SOMMEIL"
"SOMMEIL"
"SOMMEIL"
"SOMMEIL"
"SOMMEIL"
"SOMMEIL"
"SOMMEIL"
"SOMMEIL"
"SOMMEIL"
"SOMMEIL"
"SOMMEIL"
"SOMMEIL"
"SOMMEIL"
"SOMMEIL"
"SOMMEIL"
"SOMMEIL"
"SOMMEIL"
"SOMMEIL"
"SOMMEIL"
"SOMMEIL"
"SOMMEIL"
"SOMMEIL"
"SOMMEIL"
"SOMMEIL"
"SOMMEIL"
"SOMMEIL"
"SOMMEIL"
"SOMMEIL"
"SOMMEIL"
"SOMMEIL"
"SOMMEIL"
"SOMMEIL"
"SOMMEIL"
"SOMMEIL"
"SOMMEIL"
"SOMMEIL"
"SOMMEIL"
"SOMMEIL"
"SOMMEIL"
"SOMMEIL"
"SOMMEIL"
"SOMMEIL"
"SOMMEIL"
"SOMMEIL"
"SOMMEIL"
"SOMMEIL"
"SOMMEIL"
"SOMMEIL"
"SOMMEIL"
"SOMMEIL"
"SOMMEIL"
"SOMMEIL"
"SOMMEIL"
"SOMMEIL"
"SOMMEIL"
"SOMMEIL"
"SOMMEIL"
"SOMMEIL"
"SOMMEIL"
"SOMMEIL"
"SOMMEIL"
"SOMMEIL"
"SOMMEIL"
"SOMMEIL"
"SOMMEIL"
"SOMMEIL"
"SOMMEIL"
"SOMMEIL"
"SOMMEIL"
"SOMMEIL"
"SOMMEIL"
"SOMMEIL"
"SOMMEIL"
"SOMMEIL"
"SOMMEIL"
"SOMMEIL"
"SOMMEIL"
"SOMMEIL"
"SOMMEIL"
"SOMMEIL"
"SOMMEIL"
"SOMMEIL"
"SOMMEIL"
"SOMMEIL"
"SOMMEIL"
"SOMMEIL"
"SOMMEIL"
"SOMMEIL"
"SOMMEIL"
"SOMMEIL"
"SOMMEIL"
"SOMMEIL"
"SOMMEIL"
"SOMMEIL"
"SOMMEIL"
"SOMMEIL"
"SOMMEIL"
"SOMMEIL"
"SOMMEIL"
"SOMMEIL"
"SOMMEIL"
"SOMMEIL"
"SOMMEIL"
"SOMMEIL"
"SOMMEIL"
"SOMMEIL"
"SOMMEIL"
"SOMMEIL"
"SOMMEIL"
"SOMMEIL"
"SOMMEIL"
"SOMMEIL"
"SOMMEIL"
"SOMMEIL"
"SOMMEIL"
"SOMMEIL"
"SOMMEIL"
"SOMMEIL"
"SOMMEIL"
"SOMMEIL"
"SOMMEIL"
"SOMMEIL"
"SOMMEIL"
"SOMMEIL"
"SOMMEIL"
"SOMMEIL"
"SOMMEIL"
"SOMMEIL"
"SOMMEIL"
"SOMMEIL"
"SOMMEIL"
"SOMMEIL"
"SOMMEIL"
"SOMMEIL"
"SOMMEIL"
"SOMMEIL"
"SOMMEIL"
"SOMMEIL"
"SOMMEIL"
"SOMMEIL"
"SOMMEIL"
"SOMMEIL"
"SOMMEIL"
"SOMMEIL"
"SOMMEIL"
"SOMMEIL"
"SOMMEIL"
"SOMMEIL"
"SOMMEIL"
"SOMMEIL"
"SOMMEIL"
"SOMMEIL"
"SOMMEIL"
"SOMMEIL"
"SOMMEIL"
"SOMMEIL"
"SOMMEIL"
"SOMMEIL"
"SOMMEIL"
"SOMMEIL"
"SOMMEIL"
"SOMMEIL"
"SOMMEIL"
"SOMMEIL"
"SOMMEIL"
"SOMMEIL"
"SOMMEIL"
"SOMMEIL"
"SOMMEIL"
"SOMMEIL"
"SOMMEIL"
"SOMMEIL"
"SOMMEIL"
"SOMMEIL"
"SOMMEIL"
"SOMMEIL"
"SOMMEIL"
"SOMMEIL"
"SOMMEIL"
"SOMMEIL"
"SOMMEIL"
"SOMMEIL"
"SOMMEIL"
"SOMMEIL"
"SOMMEIL"
"SOMMEIL"
"SOMMEIL"
"SOMMEIL"
"SOMMEIL"
"SOMMEIL"
"SOMMEIL"
"SOMMEIL"
"SOMMEIL"
"SOMMEIL"
"SOMMEIL"
"SOMMEIL"
"SOMMEIL"
"SOMMEIL"
"SOMMEIL"
"SOMMEIL"
"SOMMEIL"
"SOMMEIL"
"SOMMEIL"
"SOMMEIL"
"SOMMEIL"
"SOMMEIL"
"SOMMEIL"
"SOMMEIL"
"SOMMEIL"
"SOMMEIL"
"SOMMEIL"
"SOMMEIL"
"SOMMEIL"
"SOMMEIL"
"SOMMEIL"
"SOMMEIL"
"SOMMEIL"
"SOMMEIL"
"SOMMEIL"
"SOMMEIL"
"SOMMEIL"
"SOMMEIL"
"SOMMEIL"
"SOMMEIL"
"SOMMEIL"
"SOMMEIL"
"SOMMEIL"
"SOMMEIL"
"SOMMEIL"
"SOMMEIL"
"SOMMEIL"
"SOMMEIL"
"SOMMEIL"
"SOMMEIL"
"SOMMEIL"
"SOMMEIL"
"SOMMEIL"
"SOMMEIL"
"SOMMEIL"
"SOMMEIL"
"SOMMEIL"
"SOMMEIL"
"SOMMEIL"
"SOMMEIL"
"SOMMEIL"
"SOMMEIL"
"SOMMEIL"
"SOMMEIL"
"SOMMEIL"
"SOMMEIL"
"SOMMEIL"
"SOMMEIL"
"SOMMEIL"
"SOMMEIL"
"SOMMEIL"
"SOMMEIL"
"SOMMEIL"
"SOMMEIL"
"SOMMEIL"
"SOMMEIL"
"SOMMEIL"
"SOMMEIL"
"SOMMEIL"
"SOMMEIL"
"SOMMEIL"
"SOMMEIL"
"SOMMEIL"
"SOMMEIL"
"SOMMEIL"
"SOMMEIL"
"SOMMEIL"
"SOMMEIL"
"SOMMEIL"
"SOMMEIL"
"SOMMEIL"
"SOMMEIL"
"SOMMEIL"
"SOMMEIL"
"SOMMEIL"
"SOMMEIL"
"SOMMEIL"
"SOMMEIL"
"SOMMEIL"
"SOMMEIL"
"SOMMEIL"
"SOMMEIL"
"SOMMEIL"
"SOMMEIL"
"SOMMEIL"
"SOMMEIL"
"SOMMEIL"
"SOMMEIL"
"SOMMEIL"
"SOMMEIL"
"SOMMEIL"
"SOMMEIL"
"SOMMEIL"
"SOMMEIL"
"SOMMEIL"
"COURSE"
"COURSE"
"COURSE"
"COURSE"
"COURSE"
"COURSE"
"COURSE"
"COURSE"
"COURSE"
"COURSE"
"COURSE"
"COURSE"
"COURSE"
"COURSE"
"COURSE"
"COURSE"
"COURSE"
"COURSE"
"COURSE"
"COURSE"
"COURSE"
"COURSE"
"COURSE"
"COURSE"
"COURSE"
"COURSE"
"COURSE"
"COURSE"
"COURSE"
"COURSE"
"COURSE"
"COURSE"
"COURSE"
"COURSE"
"COURSE"
"COURSE"
"COURSE"
"COURSE"
"COURSE"
"COURSE"
"COURSE"
"COURSE"
"COURSE"
"COURSE"
"COURSE"
"COURSE"
"COURSE"
"COURSE"
"COURSE"
"COURSE"
"COURSE"
"COURSE"
"COURSE"
"COURSE"
"COURSE"
"COURSE"
"COURSE"
"COURSE"
"COURSE"
"COURSE"
"COURSE"
"COURSE"
"COURSE"
"COURSE"
"COURSE"
"COURSE"
"COURSE"
"COURSE"
"COURSE"
"COURSE"
"COURSE"
"COURSE"
"COURSE"
"COURSE"
"COURSE"
"COURSE"
"COURSE"
"COURSE"
"COURSE"
"COURSE"
"COURSE"
"COURSE"
"COURSE"
"COURSE"
"COURSE"
"COURSE"
"COURSE"
"COURSE"
"COURSE"
"COURSE"
"COURSE"
"COURSE"
"COURSE"
"COURSE"
"COURSE"
"COURSE"
"COURSE"
"COURSE"
"COURSE"
"COURSE"
"COURSE"
"COURSE"
"COURSE"
"COURSE"
"COURSE"
"COURSE"
"COURSE"
"COURSE"
"COURSE"
"COURSE"
"COURSE"
"COURSE"
"COURSE"
"COURSE"
"COURSE"
"COURSE"
"COURSE"
"COURSE"
"COURSE"
"COURSE"
"COURSE"
"COURSE"
"COURSE"
"COURSE"
"COURSE"
"COURSE"
"COURSE"
"COURSE"
"COURSE"
"COURSE"
"COURSE"
"COURSE"
"COURSE"
"COURSE"
"COURSE"
"COURSE"
"COURSE"
"COURSE"
"COURSE"
"COURSE"
"COURSE"
"COURSE"
"COURSE"
"COURSE"
"COURSE"
"COURSE"
"COURSE"
"COURSE"
"COURSE"
"COURSE"
"COURSE"
"COURSE"
"COURSE"
"COURSE"
"COURSE"
"COURSE"
"COURSE"
"COURSE"
"COURSE"
"COURSE"
"COURSE"
"COURSE"
"COURSE"
"COURSE"
"COURSE"
"COURSE"
"COURSE"
"COURSE"
"COURSE"
"COURSE"
"COURSE"
"COURSE"
"COURSE"
"COURSE"
"COURSE"
"COURSE"
"COURSE"
"COURSE"
"COURSE"
"COURSE"
"COURSE"
"COURSE"
"COURSE"
"COURSE"
"COURSE"
"COURSE"
"COURSE"
"COURSE"
"COURSE"
"COURSE"
"COURSE"
"COURSE"
"COURSE"
"COURSE"
"COURSE"
"COURSE"
"COURSE"
"COURSE"
"COURSE"
"COURSE"
"COURSE"
"COURSE"
"COURSE"
"COURSE"
"COURSE"
"COURSE"
"COURSE"
"COURSE"
"COURSE"
"COURSE"
"COURSE"
"COURSE"
"COURSE"
"COURSE"
"COURSE"
"COURSE"
"COURSE"
"COURSE"
"COURSE"
"COURSE"
"COURSE"
"COURSE"
"COURSE"
"COURSE"
"COURSE"
"COURSE"
"COURSE"
"COURSE"
"COURSE"
"COURSE"
"COURSE"
"COURSE"
"COURSE"
"COURSE"
"COURSE"
"COURSE"
"COURSE"
"COURSE"
"COURSE"
"COURSE"
"COURSE"
"COURSE"
"COURSE"
"COURSE"
"COURSE"
"COURSE"
"COURSE"
"COURSE"
"COURSE"
"COURSE"
"COURSE"
"COURSE"
"COURSE"
"COURSE"
"COURSE"
"COURSE"
"COURSE"
"COURSE"
"COURSE"
"COURSE"
"COURSE"
"COURSE"
"COURSE"
"COURSE"
"COURSE"
"COURSE"
"COURSE"
"COURSE"
"COURSE"
"COURSE"
"COURSE"
"COURSE"
"COURSE"
"COURSE"
"COURSE"
"COURSE"
"COURSE"
"COURSE"
"COURSE"
"COURSE"
"COURSE"
"COURSE"
"COURSE"
"COURSE"
"COURSE"
"COURSE"
"COURSE"
"COURSE"
"COURSE"
"COURSE"
"COURSE"
"COURSE"
"COURSE"
"COURSE"
"COURSE"
"COURSE"
"COURSE"
"COURSE"
"COURSE"
"COURSE"
"COURSE"
"COURSE"
"COURSE"
"COURSE"
"COURSE"
"COURSE"
"COURSE"
"COURSE"
"COURSE"
"COURSE"
"COURSE"
"COURSE"
"COURSE"
"COURSE"
"COURSE"
"COURSE"
"COURSE"
"COURSE"
"COURSE"
"COURSE"
"COURSE"
"COURSE"
"COURSE"
"COURSE"
"COURSE"
"COURSE"
"COURSE"
"COURSE"
"COURSE"
"COURSE"
"COURSE"
"COURSE"
"COURSE"
"COURSE"
"COURSE"
"COURSE"
"COURSE"
"COURSE"
"COURSE"
"COURSE"
"COURSE"
"COURSE"
"COURSE"
"COURSE"
"COURSE"
"COURSE"
"COURSE"
"COURSE"
"COURSE"
"COURSE"
"COURSE"
"COURSE"
"COURSE"
"COURSE"
"COURSE"
"COURSE"
"COURSE"
"COURSE"
"COURSE"
"COURSE"
"COURSE"
"COURSE"
"COURSE"
"COURSE"
"COURSE"
"COURSE"
"COURSE"
"COURSE"
"COURSE"
"COURSE"
"COURSE"
"COURSE"
"COURSE"
"COURSE"
"COURSE"
"COURSE"
"COURSE"
"COURSE"
"COURSE"
"COURSE"
"COURSE"
"COURSE"
"COURSE"
"COURSE"
"COURSE"
"COURSE"
"COURSE"
"COURSE"
"COURSE"
"COURSE"
"COURSE"
"COURSE"
"COURSE"
"COURSE"
"COURSE"
"COURSE"
"COURSE"
"COURSE"
"COURSE"
"COURSE"
"COURSE"
"COURSE"
"COURSE"
"COURSE"
"COURSE"
"COURSE"
"COURSE"
"COURSE"
"COURSE"
"COURSE"
"COURSE"
"COURSE"
"COURSE"
"COURSE"
"COURSE"
"COURSE"
"COURSE"
"COURSE"
"COURSE"
"COURSE"
"COURSE"
"COURSE"
"COURSE"
"COURSE"
"COURSE"
"COURSE"
"COURSE"
"COURSE"
"COURSE"
"COURSE"
"COURSE"
"COURSE"
"COURSE"
"COURSE"
"COURSE"
"COURSE"
"COURSE"
"COURSE"
"COURSE"
"COURSE"
"COURSE"
"COURSE"
"COURSE"
"COURSE"
"COURSE"
"COURSE"
"COURSE"
"COURSE"
"COURSE"
"COURSE"
"COURSE"
"COURSE"
"COURSE"
"COURSE"
"COURSE"
"COURSE"
"COURSE"
"COURSE"
"COURSE"
"COURSE"
"COURSE"
"COURSE"
"COURSE"
"COURSE"
"COURSE"
"COURSE"
"COURSE"
"COURSE"
"COURSE"
"COURSE"
"COURSE"
"COURSE"
"COURSE"
"COURSE"
"COURSE"
"COURSE"
"COURSE"
"COURSE"
"COURSE"
"COURSE"
"COURSE"
"COURSE"
"COURSE"
"COURSE"
"COURSE"
"COURSE"
"COURSE"
"COURSE"
"COURSE"
"COURSE"
"COURSE"
"COURSE"
"COURSE"
"COURSE"
"COURSE"
"COURSE"
"COURSE"
"COURSE"
"COURSE"
"COURSE"
"COURSE"
"COURSE"
"COURSE"
"COURSE"
"COURSE"
"COURSE"
"COURSE"
"COURSE"
"COURSE"
"COURSE"
"COURSE"
"COURSE"
"COURSE"
"COURSE"
"COURSE"
"COURSE"
"COURSE"
"COURSE"
"COURSE"
"COURSE"
"COURSE"
"COURSE"
"COURSE"
"COURSE"
"COURSE"
"COURSE"
"COURSE"
"COURSE"
"COURSE"
"COURSE"
"COURSE"
"COURSE"
"COURSE"
"COURSE"
"COURSE"
"COURSE"
"COURSE"
"COURSE"
"COURSE"
"COURSE"
"COURSE"
"COURSE"
"COURSE"
"COURSE"
"COURSE"
"COURSE"
"COURSE"
"COURSE"
"COURSE"
"COURSE"
"COURSE"
"COURSE"
"COURSE"
"COURSE"
"COURSE"
"COURSE"
"COURSE"
"COURSE"
"COURSE"
"COURSE"
"COURSE"
"COURSE"
"COURSE"
"COURSE"
"COURSE"
"COURSE"
"COURSE"
"COURSE"
"COURSE"
"COURSE"
"COURSE"
"COURSE"
"COURSE"
"COURSE"
"COURSE"
"COURSE"
"COURSE"
"COURSE"
"COURSE"
"COURSE"
"COURSE"
"COURSE"
"COURSE"
"COURSE"
"COURSE"
"COURSE"
"COURSE"
"COURSE"
"COURSE"
"COURSE"
"COURSE"
"COURSE"
"COURSE"
"COURSE"
"COURSE"
"COURSE"
"COURSE"
"COURSE"
"COURSE"
"COURSE"
"COURSE"
"COURSE"
"COURSE"
"COURSE"
"COURSE"
"COURSE"
"COURSE"
"COURSE"
"COURSE"
"COURSE"
"COURSE"
"COURSE"
"COURSE"
"COURSE"
"COURSE"
"COURSE"
"COURSE"
"COURSE"
"COURSE"
"COURSE"
"COURSE"
"COURSE"
"COURSE"
"COURSE"
"COURSE"
"COURSE"
"COURSE"
"COURSE"
"COURSE"
"COURSE"
"COURSE"
"COURSE"
"COURSE"
"COURSE"
"COURSE"
"COURSE"
"COURSE"
"COURSE"
"COURSE"
"COURSE"
"COURSE"
"COURSE"
"COURSE"
"COURSE"
"COURSE"
"COURSE"
"COURSE"
"COURSE"
"COURSE"
"COURSE"
"COURSE"
"COURSE"
"COURSE"
"COURSE"
"COURSE"
"COURSE"
"COURSE"
"COURSE"
"COURSE"
"COURSE"
"COURSE"
"COURSE"
"COURSE"
"COURSE"
"COURSE"
"COURSE"
"COURSE"
"COURSE"
"COURSE"
"COURSE"
"COURSE"
"COURSE"
"COURSE"
"COURSE"
"COURSE"
"COURSE"
"COURSE"
"COURSE"
"COURSE"
"COURSE"
"COURSE"
"COURSE"
"COURSE"
"COURSE"
"COURSE"
"COURSE"
"COURSE"
"COURSE"
"COURSE"
"COURSE"
"COURSE"
"COURSE"
"COURSE"
"COURSE"
"COURSE"
"COURSE"
"COURSE"
"COURSE"
"COURSE"
"COURSE"
"COURSE"
"COURSE"
"COURSE"
"COURSE"
"COURSE"
"COURSE"
"COURSE"
"COURSE"
"COURSE"
"COURSE"
